$ANSIBLE_VAULT;1.1;AES256
62383861356666616165373661626335303466343835653037343866643239393563323433356666
3339363962643235633237666333313537373465616635340a323562303332633230663636306261
65633835303936386433346165626130346566313934303466313437626438373139663035643933
3661363331613337660a346339663333663561623233633737376432323061383634383036653334
37393435316539386230323636343034373766666231656363616562353635356163363234313932
63316239343230316231663231326664353265666263333730623032616536626361616261623330
62326234656635383731623234303237636631636537313630616430306164343264653061386261
37656137613966656633333263636537343964656162316533663539363132643531323865333538
62363666616134613562316630616535343963636436643033366162616630653361313237613936
34636635636536373265376333623139666239656537656130363430666339613235393439653237
303432393966363336303761386335613864
